[gd_scene load_steps=11 format=2]

[ext_resource path="res://data/shaders/spatial_debug_boxdivide_material.tres" type="Material" id=1]
[ext_resource path="res://scenes/fps_label.gd" type="Script" id=2]
[ext_resource path="res://scenes/player/player.tscn" type="PackedScene" id=3]
[ext_resource path="res://data/enemies/Enemy.tscn" type="PackedScene" id=4]

[sub_resource type="CubeMesh" id=1]
size = Vector3( 500, 1, 500 )

[sub_resource type="BoxShape" id=2]
extents = Vector3( 250, 0.5, 250 )

[sub_resource type="CubeMesh" id=3]

[sub_resource type="BoxShape" id=4]

[sub_resource type="ProceduralSky" id=5]

[sub_resource type="Environment" id=6]
background_mode = 2
background_sky = SubResource( 5 )
background_color = Color( 0.0117647, 0.0117647, 0.0117647, 1 )
ambient_light_energy = 0.5
tonemap_mode = 2
ssao_enabled = true
ssao_radius2 = 0.5
ssao_intensity2 = 2.0
ssao_quality = 0
glow_enabled = true
glow_levels/1 = true
glow_levels/2 = true
glow_levels/5 = false
glow_intensity = 1.97
glow_strength = 0.64

[node name="Spatial" type="Spatial"]

[node name="ground" type="MeshInstance" parent="."]
transform = Transform( 1, 0, 0, 0, 1, 0, 0, 0, 1, 0, -0.5, 0 )
material_override = ExtResource( 1 )
mesh = SubResource( 1 )
material/0 = null

[node name="StaticBody" type="StaticBody" parent="ground"]
collision_layer = 2
collision_mask = 31

[node name="CollisionShape" type="CollisionShape" parent="ground/StaticBody"]
shape = SubResource( 2 )

[node name="player" parent="." instance=ExtResource( 3 )]

[node name="level" type="Spatial" parent="."]

[node name="MeshInstance" type="MeshInstance" parent="level"]
transform = Transform( 0.924146, 0, 0.382038, 0, 1, 0, -0.382038, 0, 0.924146, -4.49112, 1.028, -3.46241 )
mesh = SubResource( 3 )
material/0 = ExtResource( 1 )

[node name="StaticBody" type="StaticBody" parent="level/MeshInstance"]
collision_layer = 2
collision_mask = 2147483677

[node name="CollisionShape" type="CollisionShape" parent="level/MeshInstance/StaticBody"]
transform = Transform( 1, 0, -5.96046e-08, 0, 1, 0, 5.96046e-08, 0, 1, 0, 0, 0 )
shape = SubResource( 4 )

[node name="fps_label" type="Label" parent="."]
modulate = Color( 1, 1, 1, 0.415686 )
margin_left = 11.2975
margin_top = 11.2975
margin_right = 51.2975
margin_bottom = 25.2975
rect_pivot_offset = Vector2( 11.0113, 9.60385 )
text = "fps"
script = ExtResource( 2 )
__meta__ = {
"_edit_use_anchors_": false
}

[node name="DirectionalLight" type="DirectionalLight" parent="."]
transform = Transform( 0.914544, 0.3137, 0.255347, -5.51887e-08, -0.631285, 0.775551, 0.404487, -0.709275, -0.577338, 0, 2.18338, 0 )
light_energy = 0.5
shadow_enabled = true
shadow_bias = 0.01
directional_shadow_mode = 1
directional_shadow_split_1 = 0.252
directional_shadow_split_2 = 0.431
directional_shadow_split_3 = 0.695

[node name="WorldEnvironment" type="WorldEnvironment" parent="."]
environment = SubResource( 6 )

[node name="Enemy2" parent="." instance=ExtResource( 4 )]
transform = Transform( -0.56478, 0, 0.825242, 0, 1, 0, -0.825242, 0, -0.56478, -9.3253, 1.0837, -2.84404 )

[node name="Enemy3" parent="." instance=ExtResource( 4 )]
transform = Transform( 0.988607, 0, -0.150519, 0, 1, 0, 0.150519, 0, 0.988607, -12.5604, 1.0837, 2.78339 )

[node name="Enemy4" parent="." instance=ExtResource( 4 )]
transform = Transform( -0.742502, 0, 0.669844, 0, 1, 0, -0.669844, 0, -0.742502, -5.73695, 1.0837, 7.08563 )

[node name="Enemy5" parent="." instance=ExtResource( 4 )]
transform = Transform( -0.309697, 0, 0.950835, 0, 1, 0, -0.950835, 0, -0.309697, -6.79825, 1.0837, 5.29928 )

[node name="Enemy" parent="." instance=ExtResource( 4 )]
transform = Transform( 1, 0, 0, 0, 1, 0, 0, 0, 1, -3.98824, 1.25888, 4.62226 )
