[gd_scene load_steps=13 format=2]

[ext_resource path="res://data/shaders/spatial_debug_boxdivide_material.tres" type="Material" id=1]
[ext_resource path="res://scenes/fps_label.gd" type="Script" id=2]
[ext_resource path="res://addons/SIsilicon.3d.text/label_3d.gd" type="Script" id=3]
[ext_resource path="res://data/enemies/Enemy.tscn" type="PackedScene" id=4]
[ext_resource path="res://data/doors/door.tscn" type="PackedScene" id=6]
[ext_resource path="res://scenes/Level.gd" type="Script" id=7]

[sub_resource type="CubeMesh" id=1]
size = Vector3( 500, 1, 500 )

[sub_resource type="BoxShape" id=2]
extents = Vector3( 250, 0.5, 250 )

[sub_resource type="CubeMesh" id=3]
size = Vector3( 5, 2, 2 )

[sub_resource type="BoxShape" id=4]
extents = Vector3( 2.5, 1, 1 )

[sub_resource type="ProceduralSky" id=5]

[sub_resource type="Environment" id=6]
background_mode = 2
background_sky = SubResource( 5 )
background_color = Color( 0.0117647, 0.0117647, 0.0117647, 1 )
ambient_light_energy = 0.5
tonemap_mode = 2
ssao_enabled = true
ssao_radius = 3.0
ssao_intensity = 3.0
ssao_radius2 = 0.5
ssao_quality = 0
glow_enabled = true
glow_levels/1 = true
glow_levels/2 = true
glow_levels/4 = true
glow_levels/5 = false
glow_levels/6 = true
glow_intensity = 0.1
glow_strength = 0.74
glow_blend_mode = 0

[node name="Level" type="Spatial"]
script = ExtResource( 7 )
level_name = "Cordon"

[node name="ground" type="MeshInstance" parent="."]
transform = Transform( 1, 0, 0, 0, 1, 0, 0, 0, 1, -0.00283682, -0.5, 0.00873041 )
material_override = ExtResource( 1 )
mesh = SubResource( 1 )
material/0 = null

[node name="StaticBody" type="StaticBody" parent="ground"]
collision_layer = 2
collision_mask = 31

[node name="CollisionShape" type="CollisionShape" parent="ground/StaticBody"]
shape = SubResource( 2 )

[node name="level_label" type="Spatial" parent="."]
transform = Transform( 1, 0, 0, 0, -1.62921e-07, 1, 0, -1, -1.62921e-07, 6.021, 0.01, 22.236 )
script = ExtResource( 3 )
text = "cordon"
text_size = 5.0
font = null
align = 0
billboard = false
color = Color( 0.6, 0.6, 0.6, 1 )
metallic = 0.0
roughness = 0.5
emission_color = Color( 1, 1, 1, 1 )
emission_strength = 0.0
extrude = 0.0
min_steps = 32
max_steps = 256

[node name="level_label2" type="Spatial" parent="."]
transform = Transform( 1, 0, 0, 0, -1.62921e-07, 1, 0, -1, -1.62921e-07, 6.021, 0.00999841, 12.444 )
script = ExtResource( 3 )
text = "1"
text_size = 20.0
font = null
align = 0
billboard = false
color = Color( 0.6, 0.6, 0.6, 1 )
metallic = 0.0
roughness = 0.5
emission_color = Color( 1, 1, 1, 1 )
emission_strength = 0.0
extrude = 0.0
min_steps = 32
max_steps = 256

[node name="level" type="Spatial" parent="."]

[node name="MeshInstance" type="MeshInstance" parent="level"]
transform = Transform( 0.924146, 0, 0.382038, 0, 1, 0, -0.382038, 0, 0.924146, -4.49112, 0.99263, -3.46241 )
layers = 2
mesh = SubResource( 3 )
material/0 = ExtResource( 1 )

[node name="StaticBody" type="StaticBody" parent="level/MeshInstance"]
collision_layer = 2
collision_mask = 2147483677

[node name="CollisionShape" type="CollisionShape" parent="level/MeshInstance/StaticBody"]
transform = Transform( 1, 0, -5.96046e-08, 0, 1, 0, 5.96046e-08, 0, 1, 0, 0, 0 )
shape = SubResource( 4 )

[node name="MeshInstance2" type="MeshInstance" parent="level"]
transform = Transform( -0.34202, 0, 0.939692, 0, 1, 0, -0.939692, 0, -0.34202, -10.6895, 0.99263, 5.30861 )
layers = 2
mesh = SubResource( 3 )
material/0 = ExtResource( 1 )

[node name="StaticBody" type="StaticBody" parent="level/MeshInstance2"]
collision_layer = 2
collision_mask = 2147483677

[node name="CollisionShape" type="CollisionShape" parent="level/MeshInstance2/StaticBody"]
transform = Transform( 1, 0, -5.96046e-08, 0, 1, 0, 5.96046e-08, 0, 1, 0, 0, 0 )
shape = SubResource( 4 )

[node name="MeshInstance3" type="MeshInstance" parent="level"]
transform = Transform( 0.540813, 0, 0.841142, 0, 1, 0, -0.841142, 0, 0.540813, 1.16595, 0.99263, 5.30132 )
layers = 2
mesh = SubResource( 3 )
material/0 = ExtResource( 1 )

[node name="StaticBody" type="StaticBody" parent="level/MeshInstance3"]
collision_layer = 2
collision_mask = 2147483677

[node name="CollisionShape" type="CollisionShape" parent="level/MeshInstance3/StaticBody"]
transform = Transform( 1, 0, -5.96046e-08, 0, 1, 0, 5.96046e-08, 0, 1, 0, 0, 0 )
shape = SubResource( 4 )

[node name="door" parent="level" instance=ExtResource( 6 )]
transform = Transform( 0.129124, 0, 0.991628, 0, 1, 0, -0.991628, 0, 0.129124, -23.1953, 3.8147e-06, -3.71562 )
door_name = "A"
connected_scene = "res://scenes/level_02.tscn"
connected_door = "A"

[node name="level_label3" type="Spatial" parent="level/door"]
transform = Transform( 0.996381, -0.0850164, -1.3851e-08, 0, -1.62921e-07, 1, -0.0850164, -0.996381, -1.62332e-07, 0.0973046, 0.0099952, 2.00659 )
script = ExtResource( 3 )
text = "valley"
text_size = 2.0
font = null
align = 0
billboard = false
color = Color( 0.6, 0.6, 0.6, 1 )
metallic = 0.0
roughness = 0.5
emission_color = Color( 1, 1, 1, 1 )
emission_strength = 0.0
extrude = 0.0
min_steps = 32
max_steps = 256

[node name="door2" parent="level" instance=ExtResource( 6 )]
transform = Transform( -0.977666, 0, 0.210164, 0, 1, 0, -0.210164, 0, -0.977666, 5.88974, 5.72205e-06, 29.2588 )
door_name = "start"

[node name="Enemy2" parent="level" instance=ExtResource( 4 )]
transform = Transform( -0.978129, 0, -0.207997, 0, 1, 0, 0.207997, 0, -0.978129, -6.37104, 1.18355, -6.571 )

[node name="Enemy3" parent="level" instance=ExtResource( 4 )]
transform = Transform( 0.85879, 0, -0.512328, 0, 1, 0, 0.512328, 0, 0.85879, -6.81125, 1.18355, 3.10482 )

[node name="Enemy4" parent="level" instance=ExtResource( 4 )]
transform = Transform( -0.988788, 0, -0.149328, 0, 1, 0, 0.149328, 0, -0.988788, -5.73695, 1.18355, 7.08563 )

[node name="Enemy5" parent="level" instance=ExtResource( 4 )]
transform = Transform( -0.628574, 0, 0.777749, 0, 1, 0, -0.777749, 0, -0.628574, -6.79825, 1.18355, 5.29928 )

[node name="Enemy" parent="level" instance=ExtResource( 4 )]
transform = Transform( -0.138308, 0, -0.990389, 0, 1, 0, 0.990389, 0, -0.138308, 9.53898, 1.35873, -11.093 )

[node name="Enemy6" parent="level" instance=ExtResource( 4 )]
transform = Transform( -0.675693, 0, -0.737183, 0, 1, 0, 0.737183, 0, -0.675693, 6.98633, 1.18355, -8.07265 )

[node name="Enemy7" parent="level" instance=ExtResource( 4 )]
transform = Transform( 0.71385, 0, -0.700299, 0, 1, 0, 0.700299, 0, 0.71385, 1.50697, 1.18355, -10.0407 )

[node name="Enemy8" parent="level" instance=ExtResource( 4 )]
transform = Transform( 0.558035, 0, 0.829817, 0, 1, 0, -0.829817, 0, 0.558035, -6.27513, 1.18355, -7.91761 )

[node name="Enemy9" parent="level" instance=ExtResource( 4 )]
transform = Transform( 0.998067, 0, -0.0621459, 0, 1, 0, 0.0621459, 0, 0.998067, -4.24115, 1.18355, -7.49295 )

[node name="fps_label" type="Label" parent="."]
modulate = Color( 1, 1, 1, 0.415686 )
margin_left = 11.2975
margin_top = 11.2975
margin_right = 51.2975
margin_bottom = 25.2975
rect_pivot_offset = Vector2( 11.0113, 9.60385 )
text = "fps"
script = ExtResource( 2 )
__meta__ = {
"_edit_use_anchors_": false
}

[node name="DirectionalLight" type="DirectionalLight" parent="."]
transform = Transform( 0.914544, 0.3137, 0.255347, -5.51887e-08, -0.631285, 0.775551, 0.404487, -0.709275, -0.577338, 0, 2.18338, 0 )
light_energy = 0.5
shadow_enabled = true
shadow_bias = 0.0
shadow_contact = 0.53
directional_shadow_mode = 1
directional_shadow_split_1 = 0.252
directional_shadow_split_2 = 0.431
directional_shadow_split_3 = 0.695

[node name="WorldEnvironment" type="WorldEnvironment" parent="."]
environment = SubResource( 6 )
