[gd_scene load_steps=13 format=2]

[ext_resource path="res://data/shaders/spatial_debug_boxdivide_material_orange.tres" type="Material" id=1]
[ext_resource path="res://scenes/fps_label.gd" type="Script" id=2]
[ext_resource path="res://addons/SIsilicon.3d.text/label_3d.gd" type="Script" id=3]
[ext_resource path="res://data/enemies/Enemy.tscn" type="PackedScene" id=4]
[ext_resource path="res://data/doors/door.tscn" type="PackedScene" id=6]
[ext_resource path="res://scenes/Level.gd" type="Script" id=7]

[sub_resource type="CubeMesh" id=1]
size = Vector3( 500, 1, 500 )

[sub_resource type="BoxShape" id=2]
extents = Vector3( 250, 0.5, 250 )

[sub_resource type="CubeMesh" id=3]
size = Vector3( 5, 2, 2 )

[sub_resource type="BoxShape" id=4]
extents = Vector3( 2.5, 1, 1 )

[sub_resource type="ProceduralSky" id=5]

[sub_resource type="Environment" id=6]
background_mode = 2
background_sky = SubResource( 5 )
background_color = Color( 0.0117647, 0.0117647, 0.0117647, 1 )
ambient_light_energy = 0.5
tonemap_mode = 2
ssao_enabled = true
ssao_radius = 3.0
ssao_intensity = 3.0
ssao_radius2 = 0.5
ssao_quality = 0
glow_enabled = true
glow_levels/1 = true
glow_levels/2 = true
glow_levels/4 = true
glow_levels/5 = false
glow_levels/6 = true
glow_intensity = 0.1
glow_strength = 0.74
glow_blend_mode = 0

[node name="Level" type="Spatial"]
script = ExtResource( 7 )
level_name = "Valley"

[node name="ground" type="MeshInstance" parent="."]
transform = Transform( 1, 0, 0, 0, 1, 0, 0, 0, 1, -0.00283682, -0.5, 0.00873041 )
material_override = ExtResource( 1 )
mesh = SubResource( 1 )
material/0 = null

[node name="StaticBody" type="StaticBody" parent="ground"]
collision_layer = 2
collision_mask = 31

[node name="CollisionShape" type="CollisionShape" parent="ground/StaticBody"]
shape = SubResource( 2 )

[node name="level_label" type="Spatial" parent="."]
transform = Transform( -0.158331, -0.987386, -4.316e-08, 0, -4.37114e-08, 1, -0.987386, 0.158331, 6.92085e-09, 15.425, 0.01, 7.035 )
script = ExtResource( 3 )
text = "Valley"
text_size = 5.0
font = null
align = 0
billboard = false
color = Color( 0.580392, 0.411765, 0.317647, 1 )
metallic = 0.0
roughness = 0.5
emission_color = Color( 1, 1, 1, 1 )
emission_strength = 0.0
extrude = 0.0
min_steps = 32
max_steps = 256

[node name="level_label2" type="Spatial" parent="."]
transform = Transform( -0.158331, -0.987386, -4.316e-08, 0, -4.37114e-08, 1, -0.987386, 0.158331, 6.92085e-09, 5.59626, 0.00999957, 8.61107 )
script = ExtResource( 3 )
text = "2"
text_size = 20.0
font = null
align = 0
billboard = false
color = Color( 0.58, 0.411027, 0.3132, 1 )
metallic = 0.0
roughness = 0.5
emission_color = Color( 1, 1, 1, 1 )
emission_strength = 0.0
extrude = 0.0
min_steps = 32
max_steps = 256

[node name="level" type="Spatial" parent="."]

[node name="MeshInstance" type="MeshInstance" parent="level"]
transform = Transform( 0.450784, 0, 0.892633, 0, 1, 0, -0.892633, 0, 0.450784, -19.6016, 0.99263, -10.8599 )
layers = 2
mesh = SubResource( 3 )
material/0 = ExtResource( 1 )

[node name="StaticBody" type="StaticBody" parent="level/MeshInstance"]
collision_layer = 2
collision_mask = 2147483677

[node name="CollisionShape" type="CollisionShape" parent="level/MeshInstance/StaticBody"]
transform = Transform( 1, 0, -5.96046e-08, 0, 1, 0, 5.96046e-08, 0, 1, 0, 0, 0 )
shape = SubResource( 4 )

[node name="MeshInstance2" type="MeshInstance" parent="level"]
transform = Transform( -0.974542, 0, -0.224203, 0, 1, 0, 0.224203, 0, -0.974542, -18.136, 0.99263, -3.37204 )
layers = 2
mesh = SubResource( 3 )
material/0 = ExtResource( 1 )

[node name="StaticBody" type="StaticBody" parent="level/MeshInstance2"]
collision_layer = 2
collision_mask = 2147483677

[node name="CollisionShape" type="CollisionShape" parent="level/MeshInstance2/StaticBody"]
transform = Transform( 1, 0, -5.96046e-08, 0, 1, 0, 5.96046e-08, 0, 1, 0, 0, 0 )
shape = SubResource( 4 )

[node name="MeshInstance3" type="MeshInstance" parent="level"]
transform = Transform( 0.540813, 0, 0.841142, 0, 1, 0, -0.841142, 0, 0.540813, -11.4262, 0.99263, -2.39338 )
layers = 2
mesh = SubResource( 3 )
material/0 = ExtResource( 1 )

[node name="StaticBody" type="StaticBody" parent="level/MeshInstance3"]
collision_layer = 2
collision_mask = 2147483677

[node name="CollisionShape" type="CollisionShape" parent="level/MeshInstance3/StaticBody"]
transform = Transform( 1, 0, -5.96046e-08, 0, 1, 0, 5.96046e-08, 0, 1, 0, 0, 0 )
shape = SubResource( 4 )

[node name="door" parent="level" instance=ExtResource( 6 )]
transform = Transform( -0.380554, 0, 0.924759, 0, 1, 0, -0.924759, 0, -0.380554, -27.888, -3.8147e-06, 26.4607 )
door_name = "B"

[node name="door_A" parent="level" instance=ExtResource( 6 )]
transform = Transform( 0.217172, 0, -0.976134, 0, 1, 0, 0.976134, 0, 0.217172, 22.1191, -3.8147e-06, 4.50728 )
door_name = "A"
connected_scene = "res://scenes/level.tscn"
connected_door = "A"

[node name="Enemy2" parent="level" instance=ExtResource( 4 )]
transform = Transform( -0.978129, 0, -0.207997, 0, 1, 0, 0.207997, 0, -0.978129, -31.1539, 1.18355, -24.4914 )

[node name="Enemy3" parent="level" instance=ExtResource( 4 )]
transform = Transform( 0.85879, 0, -0.512328, 0, 1, 0, 0.512328, 0, 0.85879, -31.5942, 1.18355, -14.8156 )

[node name="Enemy4" parent="level" instance=ExtResource( 4 )]
transform = Transform( -0.988788, 0, -0.149328, 0, 1, 0, 0.149328, 0, -0.988788, -30.5199, 1.18355, -10.8348 )

[node name="Enemy5" parent="level" instance=ExtResource( 4 )]
transform = Transform( -0.628574, 0, 0.777749, 0, 1, 0, -0.777749, 0, -0.628574, -31.5812, 1.18355, -12.6211 )

[node name="Enemy" parent="level" instance=ExtResource( 4 )]
transform = Transform( -0.138308, 0, -0.990389, 0, 1, 0, 0.990389, 0, -0.138308, -15.2439, 1.35873, -29.0134 )

[node name="Enemy6" parent="level" instance=ExtResource( 4 )]
transform = Transform( -0.675693, 0, -0.737183, 0, 1, 0, 0.737183, 0, -0.675693, -17.7966, 1.18355, -25.9931 )

[node name="Enemy7" parent="level" instance=ExtResource( 4 )]
transform = Transform( 0.71385, 0, -0.700299, 0, 1, 0, 0.700299, 0, 0.71385, -23.2759, 1.18355, -27.9611 )

[node name="Enemy8" parent="level" instance=ExtResource( 4 )]
transform = Transform( 0.558035, 0, 0.829817, 0, 1, 0, -0.829817, 0, 0.558035, -31.058, 1.18355, -25.838 )

[node name="Enemy9" parent="level" instance=ExtResource( 4 )]
transform = Transform( 0.998067, 0, -0.0621459, 0, 1, 0, 0.0621459, 0, 0.998067, -29.0241, 1.18355, -25.4134 )

[node name="fps_label" type="Label" parent="."]
modulate = Color( 1, 1, 1, 0.415686 )
margin_left = 11.2975
margin_top = 11.2975
margin_right = 51.2975
margin_bottom = 25.2975
rect_pivot_offset = Vector2( 11.0113, 9.60385 )
text = "fps"
script = ExtResource( 2 )
__meta__ = {
"_edit_use_anchors_": false
}

[node name="DirectionalLight" type="DirectionalLight" parent="."]
transform = Transform( 0.914544, 0.3137, 0.255347, -5.51887e-08, -0.631285, 0.775551, 0.404487, -0.709275, -0.577338, 0, 2.18338, 0 )
light_energy = 0.5
shadow_enabled = true
shadow_bias = 0.0
shadow_contact = 0.53
directional_shadow_mode = 1
directional_shadow_split_1 = 0.252
directional_shadow_split_2 = 0.431
directional_shadow_split_3 = 0.695

[node name="WorldEnvironment" type="WorldEnvironment" parent="."]
environment = SubResource( 6 )
